1   1000   0.157000
2   1000   0.413000
3   1000   0.483000
4   1000   0.598000
5   1000   0.624000
15   1000   1.884000
25   1000   5.033000
35   1000   3.635000
45   1000   13.604000
55   1000   9.252000
65   1000   7.651000
75   1000   16.991000
85   1000   14.337000
95   1000   16.695000
15   1000   1.906000
15   2000   3.820000
15   3000   6.958000
15   5000   5.709000
15   10000   27.998000
15   15000   35.699000
15   20000   60.719000
15   25000   80.482000
15   30000   92.763000
15   35000   124.240000
15   40000   126.700000
15   45000   174.845000
15   50000   175.058000
15   60000   216.401000
15   65000   224.980000
15   100   0.796000
15   10   0.888000
15   1   1.028000
15   55000   200.452000
1   1000   0.250000
2   1000   0.298000
3   1000   0.543000
4   1000   0.909000
5   1000   0.401000
15   1000   2.728000
25   1000   4.185000
35   1000   4.488000
45   1000   6.010000
55   1000   11.361000
65   1000   16.463000
75   1000   14.113000
85   1000   26.717000
95   1000   9.989000
15   1000   3.002000
15   2000   4.925000
15   3000   9.515000
15   5000   5.937000
15   10000   18.540000
15   15000   29.787000
15   20000   46.661000
15   25000   75.107000
15   30000   111.006000
15   35000   120.793000
15   40000   144.649000
15   45000   154.039000
15   50000   135.072000
15   60000   206.305000
15   65000   222.027000
15   100   0.658000
15   10   1.606000
15   1   1.036000
15   55000   176.469000
1   1000   0.150000
2   1000   0.574000
3   1000   0.392000
4   1000   0.541000
5   1000   0.817000
15   1000   1.984000
25   1000   2.398000
35   1000   4.060000
45   1000   5.736000
55   1000   7.584000
65   1000   10.713000
75   1000   18.567000
85   1000   11.217000
95   1000   13.089000
15   1000   2.324000
15   2000   2.953000
15   3000   5.679000
15   5000   9.124000
15   10000   21.594000
15   15000   40.921000
15   20000   57.772000
15   25000   71.620000
15   30000   100.520000
15   35000   123.510000
15   40000   114.086000
15   45000   165.941000
15   50000   141.838000
15   60000   207.498000
15   65000   208.874000
15   100   0.882000
15   10   1.414000
15   1   1.623000
15   55000   139.538000
1   1000   0.156000
2   1000   0.267000
3   1000   0.550000
4   1000   0.489000
5   1000   0.840000
15   1000   2.497000
25   1000   4.478000
35   1000   6.968000
45   1000   6.868000
55   1000   13.343000
65   1000   11.330000
75   1000   16.080000
85   1000   10.547000
95   1000   22.675000
15   1000   2.180000
15   2000   1.826000
15   3000   6.140000
15   5000   7.718000
15   10000   18.654000
15   15000   22.379000
15   20000   40.205000
15   25000   84.281000
15   30000   70.598000
15   35000   98.231000
15   40000   119.976000
15   45000   157.187000
15   50000   165.904000
15   60000   195.078000
15   65000   232.591000
15   100   1.068000
15   10   0.825000
15   1   1.001000
15   55000   170.196000
1   1000   0.175000
2   1000   0.625000
3   1000   0.387000
4   1000   0.704000
5   1000   0.975000
15   1000   1.785000
25   1000   2.461000
35   1000   7.076000
45   1000   8.969000
55   1000   7.507000
65   1000   12.448000
75   1000   14.062000
85   1000   9.835000
95   1000   16.444000
15   1000   2.789000
15   2000   3.767000
15   3000   6.595000
15   5000   12.159000
15   10000   20.736000
15   15000   34.707000
15   20000   62.101000
15   25000   72.466000
15   30000   75.226000
15   35000   102.519000
15   40000   121.198000
15   45000   152.132000
15   50000   157.492000
15   60000   187.921000
15   65000   209.710000
15   100   1.021000
15   10   0.820000
15   1   0.829000
15   55000   153.522000
