0.122000
0.141000
0.094000
0.071000
0.059000
0.066000
0.053000
0.171000
0.059000
0.122000
0.103000
0.129000
0.060000
0.092000
0.078000
0.088000
0.055000
0.091000
0.102000
0.106000
0.098000
0.048000
0.099000
0.068000
0.114000
0.071000
0.054000
0.093000
0.109000
0.070000
0.121000
0.074000
0.149000


0.079000
0.049000
0.078000
0.059000
0.151000
0.163000
0.065000
0.172000
0.063000
0.065000
0.058000
0.069000
0.077000
0.056000
0.068000
0.059000
0.060000
0.079000
0.051000
0.066000
0.153000
0.078000
0.050000
0.077000
0.051000
0.184000
0.085000
0.084000
0.092000
0.066000
0.096000
0.074000
0.091000


0.056000
0.124000
0.070000
0.069000
0.062000
0.080000
0.121000
0.085000
0.178000
0.231000
0.100000
0.085000
0.063000
0.213000
0.055000
0.071000
0.055000
0.133000
0.060000
0.071000
0.055000
0.058000
0.098000
0.065000
0.135000
0.063000
0.078000


0.078000
0.083000
0.085000
0.057000
0.087000
0.092000
0.136000
0.248000
0.085000
0.061000
0.139000
0.071000
0.089000
0.103000
0.054000
0.055000
0.096000
0.075000
0.074000
0.063000
0.229000
0.066000
0.056000
0.120000
0.066000
0.097000
0.070000
0.198000
0.093000
0.069000
0.151000
0.074000
0.051000


0.088000
0.095000
0.100000
0.055000
0.073000
0.074000
0.055000
0.128000
0.152000
0.183000
0.061000
0.148000
0.073000
0.095000
0.133000
0.063000
0.051000
0.059000
0.161000
0.055000
0.139000
0.133000
0.059000
0.074000
0.062000
0.155000
0.065000
0.172000
0.052000
0.183000
0.066000
0.094000
0.142000


0.054000
0.111000
0.109000
0.096000
0.173000
0.116000
0.100000
0.106000
0.056000
0.222000
0.140000
0.104000
0.084000
0.071000
0.077000
0.096000
0.094000
0.076000
0.102000
0.051000
0.073000
0.085000
0.168000
0.102000
0.085000
0.074000
0.093000
0.089000
0.099000
0.081000
0.079000
0.065000
0.057000
0.065000
0.078000
0.156000
0.061000
